1	36932123	36932122	-/G	1
1	36932242	36932242	G/A	1
1	36932248	36932248	G/A	1
1	36933434	36933434	G/A	1
1	43814978	43814978	A/T	1
1	43814978	43814978	A/G	1
1	43814979	43814979	G/A	1
1	43815008	43815009	TG/AA	1
1	43815008	43815009	TG/GC	1
1	43815008	43815010	TGG/AAA	1
1	43815008	43815008	T/A	1
1	43815008	43815008	T/C	1
1	43815009	43815009	G/T	1
1	43815009	43815009	G/C	1
1	115252203	115252203	G/A	1
1	115252204	115252204	C/T	1
1	115252289	115252289	C/A	1
1	115256527	115256528	CT/TG	1
1	115256528	115256528	T/A	1
1	115256528	115256528	T/G	1
1	115256528	115256529	TT/CA	1
1	115256528	115256529	TT/CC	1
1	115256528	115256530	TTG/CTT	1
1	115256529	115256530	TG/CT	1
1	115256529	115256529	T/G	1
1	115256529	115256529	T/A	1
1	115256529	115256529	T/C	1
1	115256529	115256530	TG/AA	1
1	115256530	115256530	G/T	1
1	115256530	115256530	G/C	1
1	115256530	115256531	GT/TA	1
1	115256535	115256535	G/T	1
1	115256536	115256536	C/T	1
1	115258743	115258744	AC/GA	1
1	115258744	115258745	CC/TA	1
1	115258744	115258744	C/T	1
1	115258744	115258744	C/A	1
1	115258744	115258744	C/G	1
1	115258744	115258745	CC/TT	1
1	115258745	115258745	C/G	1
1	115258745	115258745	C/A	1
1	115258745	115258745	C/T	1
1	115258746	115258747	AC/CT	1
1	115258747	115258748	CC/GG	1
1	115258747	115258748	CC/TA	1
1	115258747	115258747	C/T	1
1	115258747	115258747	C/G	1
1	115258747	115258747	C/A	1
1	115258747	115258748	CC/TT	1
1	115258748	115258748	C/G	1
1	115258748	115258748	C/A	1
1	115258748	115258748	C/T	1
2	25457158	25457158	G/A	1
2	25457159	25457159	C/G	1
2	25457159	25457159	C/T	1
2	25457176	25457176	G/A	1
2	25457177	25457177	G/A	1
2	25457177	25457177	G/C	1
2	25457208	25457208	C/A	1
2	25457208	25457208	C/G	1
2	25457209	25457209	C/A	1
2	25457209	25457209	C/G	1
2	25457210	25457210	A/T	1
2	25457242	25457242	C/T	1
2	25457242	25457242	C/G	1
2	25457242	25457242	C/A	1
2	25457243	25457243	G/A	1
2	25457243	25457243	G/T	1
2	25457243	25457243	G/C	1
2	25457247	25457247	C/A	1
2	25457247	25457247	C/G	1
2	25457247	25457247	C/T	1
2	25457249	25457249	T/C	1
2	25463286	25463286	C/T	1
2	25463286	25463286	C/A	1
2	25463287	25463287	G/A	1
2	25463287	25463287	G/C	1
2	25463289	25463289	T/A	1
2	25463289	25463289	T/C	1
2	25463289	25463289	T/G	1
2	25463290	25463290	A/T	1
2	25463307	25463307	C/T	1
2	25463308	25463308	G/A	1
2	25463541	25463541	G/C	1
2	25463541	25463541	G/A	1
2	25463542	25463542	A/G	1
2	25463568	25463568	A/G	1
2	25463569	25463569	T/A	1
2	25466799	25466799	C/G	1
2	25466799	25466799	C/T	1
2	25466800	25466800	G/A	1
2	25467448	25467448	C/A	1
2	25467448	25467448	C/G	1
2	25467449	25467449	C/A	1
2	198266821	198266821	A/T	1
2	198266821	198266821	A/C	1
2	198266822	198266822	T/C	1
2	198266822	198266822	T/A	1
2	198266833	198266833	T/C	1
2	198266833	198266833	T/G	1
2	198266834	198266834	T/C	1
2	198267359	198267359	C/A	1
2	198267359	198267359	C/G	1
2	198267360	198267360	T/A	1
2	198267360	198267360	T/C	1
2	198267360	198267360	T/G	1
2	198267361	198267361	T/C	1
2	198267361	198267361	T/G	1
2	198267369	198267369	G/A	1
2	198267371	198267371	G/C	1
2	198267371	198267371	G/T	1
2	198267373	198267373	G/A	1
2	198267373	198267373	G/C	1
2	198267480	198267480	T/A	1
2	198267481	198267481	T/C	1
2	198267481	198267481	T/A	1
2	198267481	198267481	T/G	1
2	198267483	198267483	C/A	1
2	198267483	198267483	C/G	1
2	198267483	198267483	C/T	1
2	198267484	198267484	G/A	1
2	198267484	198267484	G/C	1
2	198267484	198267484	G/T	1
2	198267489	198267489	T/C	1
2	198267489	198267489	T/G	1
2	198267490	198267490	A/G	1
2	198267491	198267491	C/A	1
2	198267491	198267491	C/G	1
2	198267492	198267492	T/A	1
2	198267493	198267493	C/G	1
2	209113111	209113112	AC/CT	1
2	209113111	209113112	AC/GT	1
2	209113111	209113112	AC/TT	1
2	209113112	209113112	C/T	1
2	209113112	209113112	C/A	1
2	209113112	209113113	CG/AC	1
2	209113112	209113113	CG/GA	1
2	209113113	209113113	G/A	1
2	209113113	209113113	G/T	1
2	209113113	209113113	G/C	1
3	38182025	38182025	G/T	1
3	38182032	38182032	C/G	1
3	38182641	38182641	T/C	1
3	128200720	128200720	C/T	1
3	128200720	128200720	C/G	1
3	128200721	128200721	G/C	1
3	128200730	128200730	A/C	1
3	128202758	128202758	A/G	1
3	128202758	128202758	A/C	1
3	128202758	128202758	A/T	1
3	128202759	128202759	G/C	1
3	128202759	128202759	G/A	1
3	128202761	128202761	C/A	1
3	128202761	128202761	C/G	1
3	128202761	128202761	C/T	1
3	128202767	128202767	G/C	1
3	128202767	128202767	G/A	1
3	128202767	128202767	G/T	1
3	128202768	128202768	C/T	1
3	128202770	128202770	T/A	1
3	128202770	128202770	T/C	1
3	128202771	128202771	T/G	1
3	128202797	128202797	C/G	1
3	128202797	128202797	C/T	1
4	55589768	55589774	CTTACGA/GAGG	1
4	55589768	55589774	CTTACGA/T	1
4	55589773	55589779	GACAGGC/T	1
4	55589773	55589775	GAC/-	1
4	55589773	55589778	GACAGG/-	1
4	55589773	55589780	GACAGGCT/CA	1
4	55589773	55589776	GACA/C	1
4	55589776	55589775	-/TTCCTC	1
4	55589776	55589775	-/TTTTTC	1
4	55592182	55592181	-/TTCTGC	1
4	55592184	55592183	-/TTGCCT	1
4	55592184	55592183	-/CTGCCT	1
4	55592186	55592185	-/GCCTAT	1
4	55592190	55592190	A/T	1
4	55593408	55593408	T/G	1
4	55593579	55593599	CAGAAACCCATGTATGAAGTA/-	1
4	55593582	55593587	AAACCC/-	1
4	55593582	55593599	AAACCCATGTATGAAGTA/-	1
4	55593582	55593596	AAACCCATGTATGAA/-	1
4	55593583	55593597	AACCCATGTATGAAG/-	1
4	55593583	55593583	A/T	1
4	55593583	55593583	A/G	1
4	55593584	55593584	A/C	1
4	55593585	55593599	CCCATGTATGAAGTA/-	1
4	55593585	55593602	CCCATGTATGAAGTACAG/-	1
4	55593585	55593587	CCC/-	1
4	55593585	55593596	CCCATGTATGAA/-	1
4	55593586	55593597	CCATGTATGAAG/-	1
4	55593586	55593588	CCA/-	1
4	55593587	55593604	CATGTATGAAGTACAGTG/-	1
4	55593587	55593592	CATGTA/-	1
4	55593588	55593593	ATGTAT/-	1
4	55593588	55593605	ATGTATGAAGTACAGTGG/-	1
4	55593588	55593596	ATGTATGAA/-	1
4	55593588	55593608	ATGTATGAAGTACAGTGGAAG/-	1
4	55593588	55593602	ATGTATGAAGTACAG/-	1
4	55593588	55593599	ATGTATGAAGTA/-	1
4	55593589	55593597	TGTATGAAG/-	1
4	55593589	55593594	TGTATG/-	1
4	55593589	55593591	TGT/-	1
4	55593589	55593600	TGTATGAAGTAC/-	1
4	55593589	55593603	TGTATGAAGTACAGT/-	1
4	55593590	55593604	GTATGAAGTACAGTG/-	1
4	55593590	55593607	GTATGAAGTACAGTGGAA/-	1
4	55593591	55593591	T/A	1
4	55593591	55593602	TATGAAGTACAG/-	1
4	55593591	55593611	TATGAAGTACAGTGGAAGGTT/-	1
4	55593593	55593610	TGAAGTACAGTGGAAGGT/-	1
4	55593594	55593608	GAAGTACAGTGGAAG/-	1
4	55593596	55593619	AGTACAGTGGAAGGTTGTTGAGGA/-	1
4	55593597	55593611	GTACAGTGGAAGGTT/-	1
4	55593597	55593608	GTACAGTGGAAG/-	1
4	55593597	55593602	GTACAG/-	1
4	55593597	55593614	GTACAGTGGAAGGTTGTT/-	1
4	55593600	55593614	CAGTGGAAGGTTGTT/-	1
4	55593600	55593617	CAGTGGAAGGTTGTTGAG/-	1
4	55593600	55593612	CAGTGGAAGGTTG/T	1
4	55593600	55593608	CAGTGGAAG/-	1
4	55593600	55593614	CAGTGGAAGGTTGTT/ACAACCTTC	1
4	55593600	55593605	CAGTGG/-	1
4	55593600	55593611	CAGTGGAAGGTT/-	1
4	55593601	55593607	AGTGGAA/G	1
4	55593601	55593603	AGT/-	1
4	55593602	55593613	GTGGAAGGTTGT/-	1
4	55593602	55593610	GTGGAAGGT/TAC	1
4	55593602	55593610	GTGGAAGGT/-	1
4	55593603	55593603	T/A	1
4	55593603	55593608	TGGAAG/-	1
4	55593603	55593611	TGGAAGGTT/-	1
4	55593603	55593603	T/C	1
4	55593603	55593605	TGG/-	1
4	55593603	55593603	T/G	1
4	55593603	55593609	TGGAAGG/A	1
4	55593603	55593614	TGGAAGGTTGTT/-	1
4	55593603	55593617	TGGAAGGTTGTTGAG/-	1
4	55593603	55593606	TGGA/G	1
4	55593603	55593620	TGGAAGGTTGTTGAGGAG/-	1
4	55593604	55593608	GGAAG/TTCCT	1
4	55593604	55593609	GGAAGG/-	1
4	55593604	55593604	G/C	1
4	55593604	55593612	GGAAGGTTG/-	1
4	55593604	55593607	GGAA/CTTC	1
4	55593605	55593613	GAAGGTTGT/-	1
4	55593605	55593610	GAAGGT/-	1
4	55593605	55593605	G/T	1
4	55593605	55593607	GAA/TCC	1
4	55593605	55593607	GAA/CAC	1
4	55593605	55593608	GAAG/C	1
4	55593605	55593605	G/C	1
4	55593606	55593608	AAG/-	1
4	55593606	55593614	AAGGTTGTT/-	1
4	55593606	55593611	AAGGTT/-	1
4	55593606	55593629	AAGGTTGTTGAGGAGATAAATGGA/-	1
4	55593606	55593626	AAGGTTGTTGAGGAGATAAAT/-	1
4	55593606	55593610	AAGGT/TCTTC	1
4	55593607	55593627	AGGTTGTTGAGGAGATAAATG/-	1
4	55593607	55593612	AGGTTG/-	1
4	55593607	55593614	AGGTTGTT/TG	1
4	55593607	55593621	AGGTTGTTGAGGAGA/-	1
4	55593608	55593608	G/T	1
4	55593608	55593610	GGT/-	1
4	55593608	55593608	G/TCCT	1
4	55593608	55593608	G/C	1
4	55593608	55593607	-/TCC	1
4	55593608	55593613	GGTTGT/-	1
4	55593609	55593610	GT/TG	1
4	55593609	55593611	GTT/-	1
4	55593609	55593614	GTTGTT/-	1
4	55593609	55593629	GTTGTTGAGGAGATAAATGGA/-	1
4	55593609	55593617	GTTGTTGAG/-	1
4	55593609	55593609	G/A	1
4	55593609	55593611	GTT/AAG	1
4	55593609	55593610	GT/CC	1
4	55593610	55593610	T/A	1
4	55593610	55593610	T/G	1
4	55593610	55593610	T/C	1
4	55593610	55593621	TTGTTGAGGAGA/-	1
4	55593613	55593613	T/A	1
4	55593613	55593613	T/G	1
4	55593613	55593614	TT/AG	1
4	55593613	55593613	T/C	1
4	55593614	55593616	TGA/-	1
4	55593615	55593617	GAG/-	1
4	55593620	55593640	GATAAATGGAAACAATTATGT/-	1
4	55593625	55593651	ATGGAAACAATTATGTTTACATAGACC/CCT	1
4	55593633	55593653	AATTATGTTTACATAGACCCA/-	1
4	55593636	55593656	TATGTTTACATAGACCCAACA/-	1
4	55593637	55593660	ATGTTTACATAGACCCAACACAAC/GTG	1
4	55593639	55593659	GTTTACATAGACCCAACACAA/-	1
4	55593639	55593650	GTTTACATAGAC/-	1
4	55593639	55593662	GTTTACATAGACCCAACACAACTT/-	1
4	55593640	55593661	TTTACATAGACCCAACACAACT/G	1
4	55593642	55593642	T/C	1
4	55593642	55593662	TACATAGACCCAACACAACTT/-	1
4	55593645	55593662	ATAGACCCAACACAACTT/-	1
4	55593654	55593653	-/ACACAACTTCCTTATGAT	1
4	55593657	55593663	CAACTTC/A	1
4	55593657	55593659	CAA/-	1
4	55593657	55593665	CAACTTCCT/ACA	1
4	55593660	55593662	CTT/-	1
4	55593660	55593660	C/T	1
4	55593661	55593661	T/C	1
4	55593661	55593661	T/G	1
4	55593663	55593668	CCTTAT/-	1
4	55593663	55593662	-/CAACTT	1
4	55593663	55593665	CCT/-	1
4	55593664	55593672	CTTATGATC/-	1
4	55593667	55593667	A/G	1
4	55593669	55593671	GAT/-	1
4	55593671	55593673	TCA/-	1
4	55593672	55593671	-/CCAACACAACTTCCTTATGAT	1
4	55593672	55593671	-/TCTTATGAT	1
4	55593672	55593671	-/GACCCAACACAACTTCCTTATGAT	1
4	55593674	55593673	-/TCCTTATGATCA	1
4	55593675	55593674	-/CCTTATGATCAC	1
4	55593675	55593674	-/TATGATCAC	1
4	55593675	55593674	-/CCAACACAACTTCCTTATGATCAC	1
4	55593689	55593688	-/TTATGATCACAAATGGGAGTTTCC	1
4	55594221	55594221	A/G	1
4	55594221	55594221	A/C	1
4	55594223	55594223	A/C	1
4	55594255	55594255	T/C	1
4	55594257	55594257	G/T	1
4	55594258	55594258	T/C	1
4	55594261	55594261	A/C	1
4	55594261	55594261	A/G	1
4	55594262	55594262	T/A	1
4	55594262	55594262	T/G	1
4	55599260	55599260	A/G	1
4	55599260	55599261	AG/GC	1
4	55599260	55599261	AG/CC	1
4	55599261	55599261	G/A	1
4	55599320	55599320	G/T	1
4	55599320	55599320	G/C	1
4	55599320	55599321	GA/TT	1
4	55599320	55599320	G/A	1
4	55599320	55599321	GA/AT	1
4	55599320	55599322	GAC/CAT	1
4	55599321	55599321	A/T	1
4	55599321	55599321	A/G	1
4	55599321	55599321	A/C	1
4	55599322	55599322	C/A	1
4	55599322	55599322	C/G	1
4	55599332	55599332	G/T	1
4	55599332	55599332	G/A	1
4	55599332	55599332	G/C	1
4	55599333	55599333	A/G	1
4	55599333	55599333	A/T	1
4	55599333	55599333	A/C	1
4	55599334	55599334	T/A	1
4	55599334	55599334	T/G	1
4	55599338	55599338	A/C	1
4	55599338	55599338	A/T	1
4	55599339	55599339	A/G	1
4	55599339	55599339	A/T	1
4	55599340	55599340	T/A	1
4	55599340	55599340	T/G	1
4	55599341	55599341	T/A	1
4	55599341	55599341	T/C	1
4	55599341	55599341	T/G	1
4	55599342	55599342	A/G	1
4	55599347	55599347	G/A	1
4	55599348	55599348	T/C	1
4	106155172	106155172	T/C	1
4	106155920	106155920	T/-	1
4	106155921	106155921	C/-	1
4	106156729	106156729	C/T	1
4	106157845	106157845	C/T	1
4	106164772	106164772	C/T	1
4	106164773	106164773	G/A	1
4	106164778	106164778	C/T	1
4	106164913	106164913	C/T	1
4	106164913	106164913	C/A	1
4	106164914	106164914	G/A	1
4	106164914	106164914	G/T	1
4	106180783	106180783	T/G	1
4	106180784	106180784	G/A	1
4	106180784	106180784	G/C	1
4	106180785	106180785	C/G	1
4	106180864	106180864	T/G	1
4	106180865	106180865	G/A	1
4	106180866	106180866	T/G	1
4	106190797	106190797	C/T	1
4	106190798	106190798	G/A	1
4	106190860	106190860	C/T	1
4	106190861	106190861	A/C	1
4	106190861	106190861	A/G	1
4	106190861	106190861	A/T	1
4	106193748	106193748	C/T	1
4	106193787	106193787	G/T	1
4	106193788	106193788	T/G	1
4	106193892	106193892	C/T	1
4	106193931	106193931	C/T	1
4	106196213	106196213	C/T	1
4	106197285	106197285	T/C	1
4	106197360	106197360	C/A	1
4	106197360	106197360	C/T	1
5	170837543	170837549	CTCTGGC/CTCTGCCTGGC	1
5	170837543	170837549	CTCTGGC/CTCTGTCTGGC	1
5	170837544	170837543	-/CATG	1
5	170837544	170837543	-/CGCG	1
5	170837544	170837543	-/CTGC	1
5	170837544	170837543	-/GCTG	1
5	170837544	170837543	-/TATG	1
5	170837544	170837543	-/TCGC	1
5	170837544	170837543	-/TGCT	1
5	170837545	170837544	-/ATGC	1
5	170837545	170837544	-/CCTG	1
5	170837545	170837544	-/TCTG	1
5	170837545	170837544	-/TTGC	1
5	170837546	170837545	-/CATG	1
5	170837546	170837545	-/CCTG	1
5	170837546	170837545	-/CGCA	1
5	170837546	170837545	-/TCTG	1
5	170837547	170837546	-/CCCG	1
5	170837547	170837546	-/GCGC	1
5	170837547	170837546	-/GCTC	1
5	170837547	170837546	-/TGTA	1
5	170837548	170837547	-/CAAA	1
5	170837548	170837547	-/CAGA	1
5	170837548	170837547	-/CAGG	1
5	170837548	170837547	-/CATG	1
5	170837548	170837547	-/CCAC	1
5	170837548	170837547	-/CCAG	1
5	170837548	170837547	-/CCGA	1
5	170837548	170837547	-/CCGG	1
5	170837548	170837547	-/CGCC	1
5	170837548	170837547	-/CGGA	1
5	170837548	170837547	-/CGTG	1
5	170837548	170837547	-/CTGG	1
5	170837548	170837547	-/CTTG	1
5	170837548	170837547	-/GCCA	1
5	170837548	170837547	-/TAAA	1
5	170837548	170837547	-/TAAG	1
5	170837548	170837547	-/TACG	1
5	170837548	170837547	-/TAGG	1
5	170837548	170837547	-/TATG	1
5	170837548	170837547	-/TCAG	1
5	170837548	170837547	-/TCAT	1
5	170837548	170837547	-/TCGG	1
5	170837548	170837547	-/TGTG	1
5	170837548	170837547	-/TTCC	1
5	170837548	170837547	-/TTCG	1
5	170837548	170837547	-/TTTG	1
5	170837549	170837548	-/CAAG	1
5	170837549	170837548	-/CGCG	1
5	170837549	170837548	-/TCTG	1
5	170837551	170837550	-/AAGG	1
5	170837552	170837551	-/AGAA	1
5	170837552	170837551	-/AGAC	1
5	170837552	170837551	-/AGGA	1
5	170837552	170837551	-/AGGC	1
5	170837552	170837551	-/AGGT	1
5	170837552	170837551	-/CGCT	1
5	170837552	170837551	-/CGGC	1
5	170837552	170837551	-/TCCA	1
5	170837552	170837551	-/TCTC	1
5	170837553	170837552	-/G	1
5	176939355	176939355	C/T	1
5	176939370	176939370	C/T	1
5	176942950	176942949	-/CATC	1
5	176943944	176943944	C/T	1
7	140453082	140453082	A/C	1
7	140453082	140453082	A/G	1
7	140453132	140453132	T/G	1
7	140453132	140453132	T/A	1
7	140453133	140453133	T/A	1
7	140453133	140453133	T/C	1
7	140453133	140453133	T/G	1
7	140453134	140453134	T/C	1
7	140453134	140453136	TCA/-	1
7	140453135	140453136	CA/TT	1
7	140453135	140453136	CA/AT	1
7	140453135	140453136	CA/GT	1
7	140453136	140453137	AC/TT	1
7	140453136	140453137	AC/CT	1
7	140453136	140453136	A/T	1
7	140453136	140453138	ACT/CTC	1
7	140453136	140453136	A/C	1
7	140453136	140453136	A/G	1
7	140453136	140453137	AC/TG	1
7	140453136	140453137	AC/CG	1
7	140453136	140453139	ACTG/TTTA	1
7	140453137	140453137	C/T	1
7	140453137	140453136	-/CTGTAGCCT	1
7	140453137	140453136	-/CTGTAGCTAGACCAAAAT	1
7	140453137	140453137	C/A	1
7	140453137	140453137	C/G	1
7	140453138	140453137	-/TGT	1
7	140453138	140453137	-/TGTAGTCTC	1
7	140453139	140453138	-/GTA	1
7	140453139	140453139	G/A	1
7	140453142	140453142	G/A	1
7	140453143	140453143	C/T	1
7	140453145	140453145	A/C	1
7	140453145	140453145	A/T	1
7	140453145	140453146	AG/GA	1
7	140453145	140453145	A/G	1
7	140453146	140453146	G/C	1
7	140453148	140453148	C/T	1
7	140453149	140453149	C/A	1
7	140453149	140453149	C/G	1
7	140453150	140453150	A/C	1
7	140453150	140453150	A/T	1
7	140453151	140453151	A/G	1
7	140453152	140453152	A/G	1
7	140453153	140453153	A/T	1
7	140453153	140453153	A/C	1
7	140453154	140453154	T/A	1
7	140453154	140453154	T/C	1
7	140453154	140453154	T/G	1
7	140453155	140453155	C/T	1
7	140453155	140453155	C/G	1
7	140453155	140453156	CA/TC	1
7	140453155	140453155	C/A	1
7	140453179	140453179	C/T	1
7	140453193	140453193	T/C	1
7	140453193	140453193	T/A	1
7	140453193	140453193	T/G	1
7	140481393	140481393	T/C	1
7	140481401	140481403	TCC/GCT	1
7	140481401	140481403	TCC/ACT	1
7	140481402	140481403	CC/GA	1
7	140481402	140481402	C/A	1
7	140481402	140481402	C/G	1
7	140481402	140481402	C/T	1
7	140481402	140481403	CC/AA	1
7	140481403	140481403	C/G	1
7	140481403	140481403	C/T	1
7	140481411	140481411	C/A	1
7	140481411	140481411	C/G	1
7	140481411	140481411	C/T	1
7	140481412	140481412	C/G	1
7	140481412	140481412	C/T	1
7	140481417	140481417	C/T	1
7	140481417	140481417	C/A	1
7	140481418	140481418	C/G	1
7	140481418	140481418	C/T	1
7	140481420	140481420	A/C	1
7	140481423	140481423	C/A	1
7	148506170	148506170	C/CA	1
7	148506437	148506437	G/A	1
7	148506443	148506443	C/T	1
7	148506444	148506444	G/A	1
7	148506461	148506461	C/A	1
7	148506461	148506461	C/T	1
7	148506462	148506462	G/A	1
7	148506462	148506462	G/T	1
7	148506467	148506467	G/C	1
7	148506467	148506467	G/A	1
7	148507462	148507462	A/C	1
7	148507462	148507462	A/T	1
7	148507463	148507463	T/A	1
7	148507463	148507463	T/C	1
7	148507463	148507463	T/G	1
7	148508727	148508727	T/A	1
7	148508727	148508727	T/G	1
7	148508727	148508727	T/C	1
7	148508728	148508728	A/C	1
7	148508728	148508728	A/G	1
7	148508728	148508728	A/T	1
9	5070022	5070027	TCACAA/-	1
9	5070025	5070027	CAA/ATT	1
9	5070026	5070027	AA/TT	1
9	5070035	5070040	AATGAA/-	1
9	5070038	5070043	GAAGAT/-	1
9	5070053	5070052	-/TTTCACAAAATCAGAAATGAAGATTTGATATTT	1
9	5072540	5072540	C/G	1
9	5072541	5072541	G/T	1
9	5072541	5072541	G/A	1
9	5073764	5073764	G/T	1
9	5073769	5073770	TG/CT	1
9	5073770	5073770	G/T	1
9	5073770	5073773	GTCT/TTTC	1
9	5073770	5073770	G/A	1
9	5073770	5073773	GTCT/TTCC	1
9	133738309	133738309	A/G	1
9	133738325	133738325	T/C	1
9	133738330	133738330	A/G	1
9	133738342	133738342	C/G	1
9	133738343	133738343	T/G	1
9	133738348	133738348	G/A	1
9	133738349	133738349	G/A	1
9	133738355	133738355	A/C	1
9	133738355	133738355	A/G	1
9	133738356	133738356	G/C	1
9	133738356	133738356	G/T	1
9	133738357	133738357	T/C	1
9	133738358	133738358	A/T	1
9	133738363	133738363	G/A	1
9	133738364	133738364	A/T	1
9	133738364	133738364	A/G	1
9	133738374	133738374	G/C	1
9	133738374	133738374	G/T	1
9	133738382	133738382	G/T	1
9	133747516	133747516	G/A	1
9	133747516	133747516	G/C	1
9	133747519	133747519	G/A	1
9	133747520	133747520	A/G	1
9	133747522	133747522	A/G	1
9	133747528	133747528	G/A	1
9	133747529	133747529	A/C	1
9	133747532	133747532	T/C	1
9	133747558	133747558	G/A	1
9	133747559	133747559	T/C	1
9	133747567	133747567	G/C	1
9	133747568	133747568	A/T	1
9	133747570	133747570	A/G	1
9	133747573	133747574	AA/CGGGGGGG	1
9	133747585	133747585	C/G	1
9	133747588	133747588	G/C	1
9	133747588	133747588	G/T	1
9	133748270	133748270	T/C	1
9	133748270	133748270	T/A	1
9	133748282	133748283	AC/CT	1
9	133748282	133748283	AC/GT	1
9	133748283	133748283	C/T	1
9	133748283	133748283	C/A	1
9	133748288	133748288	T/C	1
9	133748288	133748288	T/G	1
9	133748288	133748288	T/A	1
9	133748288	133748289	TT/CG	1
9	133748289	133748289	T/G	1
9	133748289	133748289	T/C	1
9	133748290	133748290	C/G	1
9	133748290	133748290	C/A	1
9	133748310	133748310	T/A	1
9	133748363	133748363	T/C	1
9	133748367	133748367	T/C	1
9	133748370	133748370	C/T	1
9	133748388	133748388	C/T	1
9	133748390	133748390	A/G	1
9	133748391	133748391	T/C	1
9	133748403	133748403	A/C	1
9	133748403	133748403	A/G	1
9	133748404	133748404	G/C	1
9	133748404	133748404	G/T	1
9	133748414	133748414	T/G	1
9	133748414	133748414	T/A	1
9	133748414	133748414	T/C	1
9	133748415	133748415	T/G	1
9	133748416	133748416	C/A	1
9	133748416	133748416	C/G	1
9	133750256	133750256	G/T	1
9	133750259	133750259	C/A	1
9	133750263	133750263	C/T	1
9	133750266	133750266	C/G	1
9	133750278	133750278	T/C	1
9	133750281	133750281	T/C	1
9	133750286	133750286	G/A	1
9	133750304	133750304	G/A	1
9	133750307	133750307	G/A	1
9	133750315	133750315	T/G	1
9	133750319	133750319	C/A	1
9	133750328	133750328	T/A	1
9	133750328	133750328	T/G	1
9	133750330	133750330	G/C	1
9	133750331	133750331	A/T	1
9	133750347	133750347	A/G	1
9	133750356	133750356	A/C	1
9	133750356	133750356	A/G	1
9	133750358	133750358	G/C	1
9	133750419	133750419	C/T	1
9	133750419	133750419	C/A	1
9	133750421	133750421	A/G	1
9	133750422	133750422	T/G	1
9	133753828	133753828	G/A	1
9	133753844	133753844	C/G	1
9	133753879	133753879	G/A	1
9	133753880	133753880	A/T	1
9	133753880	133753880	A/G	1
9	133753880	133753880	A/C	1
9	133753888	133753888	G/C	1
9	133753888	133753888	G/A	1
9	133753889	133753889	A/T	1
9	133753889	133753889	A/G	1
9	133753889	133753889	A/C	1
9	133753906	133753906	G/C	1
9	133753906	133753906	G/A	1
9	133753907	133753907	A/G	1
9	133753907	133753907	A/T	1
9	133753947	133753947	G/A	1
9	133753947	133753947	G/C	1
9	133753947	133753947	G/T	1
9	133755470	133755470	C/T	1
9	133755488	133755488	T/C	1
10	27317853	27317853	C/A	1
10	27317853	27317853	C/G	1
10	27389265	27389265	G/T	1
10	27389266	27389266	A/T	1
10	27389274	27389274	T/G	1
10	27389293	27389293	C/G	1
10	27389293	27389293	C/T	1
10	27389303	27389303	T/G	1
10	27389313	27389313	C/T	1
10	27389337	27389337	C/T	1
10	27389348	27389348	C/T	1
10	27389389	27389389	C/T	1
10	112343991	112343991	G/A	1
10	112343991	112343991	G/T	1
10	112344023	112344023	G/T	1
10	112356173	112356173	C/T	1
10	112356174	112356174	G/C	1
10	112356174	112356174	G/T	1
10	112356176	112356176	G/T	1
10	112356177	112356177	G/A	1
10	112356177	112356177	G/T	1
11	533873	533874	CT/AC	1
11	533873	533873	C/A	1
11	533873	533873	C/G	1
11	533873	533874	CT/TC	1
11	533873	533874	CT/TA	1
11	533874	533874	T/A	1
11	533874	533874	T/C	1
11	533874	533874	T/G	1
11	533874	533875	TG/CT	1
11	533875	533875	G/T	1
11	533875	533875	G/C	1
11	534285	534285	C/A	1
11	534285	534285	C/T	1
11	534286	534286	C/G	1
11	534286	534286	C/T	1
11	534286	534286	C/A	1
11	534288	534288	C/A	1
11	534288	534288	C/T	1
11	534288	534288	C/G	1
11	534289	534289	C/T	1
11	534289	534289	C/A	1
11	534289	534289	C/G	1
11	32413559	32413559	T/C	1
11	32413560	32413560	C/G	1
11	32413560	32413560	C/T	1
11	32413565	32413565	C/T	1
11	32413565	32413565	C/G	1
11	32413565	32413565	C/A	1
11	32413566	32413566	G/A	1
11	32413566	32413566	G/C	1
11	32413578	32413578	G/A	1
11	32413610	32413610	C/A	1
11	32413610	32413610	C/T	1
11	32417908	32417907	-/ACCC	1
11	32417908	32417907	-/CCGA	1
11	32417908	32417907	-/CCGACCGTACC	1
11	32417908	32417907	-/CGACCGG	1
11	32417908	32417907	-/CGCCCGG	1
11	32417909	32417908	-/CCGA	1
11	32417909	32417908	-/CGACCGTACAAGAG	1
11	32417909	32417908	-/GACCGTA	1
11	32417910	32417909	-/A	1
11	32417910	32417909	-/C	1
11	32417910	32417909	-/CGACCGTACAAGA	1
11	32417910	32417909	-/G	1
11	32417910	32417909	-/GA	1
11	32417910	32417909	-/GACACGCA	1
11	32417910	32417909	-/GACCCTTG	1
11	32417910	32417909	-/GACCG	1
11	32417910	32417909	-/GACCGTACAA	1
11	32417910	32417909	-/GACCGTACAAG	1
11	32417910	32417909	-/T	1
11	32417910	32417910	G/T	1
11	32417911	32417910	-/A	1
11	32417911	32417910	-/ACCGA	1
11	32417911	32417910	-/ACCGT	1
11	32417911	32417910	-/ACCGTAC	1
11	32417911	32417910	-/ACCGTACA	1
11	32417911	32417910	-/ACCGTACAAGAGGAAACAAACAA	1
11	32417911	32417910	-/C	1
11	32417911	32417910	-/CC	1
11	32417912	32417911	-/C	1
11	32417912	32417911	-/CC	1
11	32417912	32417911	-/CCGG	1
11	32417912	32417911	-/CCGTACAAGAGTC	1
11	32417912	32417911	-/CCGTAGACCGC	1
11	32417912	32417911	-/CCGTT	1
11	32417912	32417911	-/T	1
11	32417913	32417912	-/CGTA	1
11	32417913	32417912	-/CGTACAAG	1
11	32417913	32417912	-/CGTACAAGAG	1
11	32417913	32417912	-/GTACAAGA	1
11	32417914	32417913	-/CAAGG	1
11	32417914	32417913	-/CT	1
11	32417914	32417913	-/GGCA	1
11	32417914	32417913	-/GTACAAGA	1
11	32417914	32417913	-/T	1
11	32417915	32417914	-/C	1
11	32417915	32417914	-/CAAACCA	1
11	32417915	32417914	-/CAAGG	1
11	32417915	32417914	-/GACCCGCCTC	1
11	32417915	32417914	-/GGGATGTCCT	1
11	32417915	32417914	-/GTTCATAACCACA	1
11	32417915	32417914	-/T	1
11	32417915	32417914	-/TACAAGAGTC	1
11	32417915	32417914	-/TCCCTCCG	1
11	32417916	32417915	-/AAGGATC	1
11	32417916	32417915	-/ACAAGAG	1
11	32417916	32417915	-/ACAAGAGTCAAGGGTTG	1
11	32417917	32417916	-/CAAGAGCC	1
11	32417917	32417916	-/CAAGAGT	1
11	32417917	32417916	-/CAAGAGTC	1
11	32417917	32417916	-/CAAGAGTGGT	1
11	32417917	32417916	-/CACGACTC	1
11	32417919	32417918	-/AG	1
11	32417919	32417918	-/AGAG	1
11	32417923	32417922	-/GGAA	1
11	32417923	32417922	-/TCCCA	1
11	32417923	32417922	-/TCGGGGCTAC	1
11	32417923	32417922	-/TGGCCACC	1
11	32417924	32417923	-/AACC	1
11	32417924	32417923	-/C	1
11	32417924	32417923	-/CC	1
11	32417924	32417923	-/CCCACCAC	1
11	32417924	32417923	-/CTAAGGG	1
11	32417924	32417923	-/TTCCGCTTCCTCT	1
11	32417925	32417924	-/G	1
11	32417925	32417924	-/GG	1
11	32417925	32417924	-/GGGGCTACTCCAG	1
11	32417925	32417924	-/GGGGCTG	1
11	32417941	32417940	-/A	1
11	32417941	32417940	-/AT	1
11	32417941	32417940	-/CACGC	1
11	32417942	32417941	-/A	1
11	32417942	32417941	-/AA	1
11	32417942	32417941	-/ACTTTTT	1
11	32417942	32417941	-/G	1
11	32417942	32417941	-/GGGG	1
11	32417943	32417942	-/AGTC	1
11	32417943	32417942	-/ATTTCAA	1
11	32417943	32417942	-/CCGGCCC	1
11	32417943	32417942	-/CGGC	1
11	32417943	32417942	-/CGGGTTAC	1
11	32417943	32417942	-/CGTCG	1
11	32417943	32417942	-/G	1
11	32417943	32417942	-/GGAC	1
11	32417943	32417942	-/GGGT	1
11	32417943	32417942	-/TACC	1
11	32417943	32417942	-/TGGTT	1
11	32417944	32417943	-/A	1
11	32417944	32417943	-/AGGA	1
11	32417944	32417943	-/G	1
11	32417944	32417943	-/GTCG	1
11	32417944	32417943	-/TC	1
11	32417945	32417944	-/C	1
11	32417946	32417945	-/CCTA	1
11	32417946	32417945	-/CGCACATC	1
11	32417946	32417945	-/CGCACATCCTGCAGGCC	1
11	32417947	32417946	-/A	1
11	32417947	32417946	-/C	1
11	32417947	32417946	-/CT	1
11	32417947	32417946	-/G	1
11	32417947	32417946	-/GCACA	1
11	32417947	32417947	G/A	1
11	32417948	32417947	-/C	1
11	32417948	32417947	-/CC	1
11	32417948	32417947	-/GACTT	1
11	119148891	119148891	T/C	1
11	119148891	119148891	T/G	1
11	119148891	119148891	T/A	1
11	119148892	119148892	A/G	1
11	119148892	119148892	A/C	1
11	119148919	119148919	T/C	1
11	119148919	119148919	T/G	1
11	119148930	119148930	T/C	1
11	119148931	119148931	G/A	1
11	119148932	119148932	T/G	1
11	119148966	119148966	T/C	1
11	119148966	119148966	T/G	1
11	119148967	119148967	G/A	1
11	119148967	119148967	G/C	1
11	119148981	119148981	T/A	1
11	119148981	119148981	T/G	1
11	119148982	119148982	G/A	1
11	119148982	119148982	G/C	1
11	119148982	119148982	G/T	1
11	119148990	119148990	T/A	1
11	119148990	119148990	T/C	1
11	119148990	119148990	T/G	1
11	119148991	119148991	G/A	1
11	119148992	119148992	T/G	1
11	119149002	119149002	T/C	1
11	119149002	119149002	T/A	1
11	119149002	119149002	T/G	1
11	119149003	119149003	G/C	1
11	119149003	119149003	G/T	1
11	119149004	119149004	G/C	1
11	119149004	119149004	G/T	1
11	119149238	119149238	T/A	1
11	119149238	119149238	T/C	1
11	119149239	119149239	G/A	1
11	119149239	119149239	G/T	1
11	119149240	119149240	T/G	1
11	119149241	119149241	C/T	1
11	119149241	119149241	C/G	1
11	119149242	119149242	C/T	1
11	119149242	119149242	C/G	1
11	119149242	119149242	C/A	1
11	119149244	119149244	T/A	1
11	119149244	119149244	T/G	1
11	119149245	119149245	T/C	1
11	119149246	119149246	C/A	1
11	119149250	119149250	C/G	1
11	119149251	119149251	G/A	1
11	119149251	119149251	G/T	1
11	119149251	119149251	G/C	1
11	119149356	119149358	ATG/-	1
12	25378561	25378561	G/A	1
12	25378561	25378561	G/C	1
12	25378562	25378562	C/A	1
12	25378562	25378562	C/T	1
12	25378562	25378562	C/G	1
12	25378647	25378647	T/G	1
12	25378647	25378647	T/A	1
12	25378649	25378649	T/C	1
12	25380275	25380275	T/G	1
12	25380275	25380275	T/A	1
12	25380275	25380276	TT/AC	1
12	25380276	25380276	T/G	1
12	25380276	25380276	T/C	1
12	25380276	25380276	T/A	1
12	25380277	25380277	G/T	1
12	25380277	25380277	G/C	1
12	25380277	25380278	GA/TT	1
12	25380282	25380282	G/T	1
12	25380282	25380282	G/C	1
12	25380283	25380283	C/T	1
12	25380283	25380283	C/A	1
12	25398275	25398275	C/T	1
12	25398276	25398276	C/T	1
12	25398279	25398281	CGC/TGT	1
12	25398280	25398282	GCC/ACG	1
12	25398280	25398281	GC/CA	1
12	25398280	25398281	GC/AT	1
12	25398280	25398281	GC/AA	1
12	25398280	25398281	GC/CT	1
12	25398280	25398281	GC/TT	1
12	25398281	25398282	CC/AT	1
12	25398281	25398281	C/T	1
12	25398281	25398281	C/G	1
12	25398281	25398281	C/A	1
12	25398281	25398282	CC/TT	1
12	25398282	25398282	C/A	1
12	25398282	25398282	C/T	1
12	25398282	25398282	C/G	1
12	25398282	25398283	CA/AT	1
12	25398283	25398285	ACC/GCA	1
12	25398283	25398284	AC/GA	1
12	25398283	25398284	AC/TT	1
12	25398283	25398284	AC/GT	1
12	25398283	25398284	AC/CT	1
12	25398283	25398285	ACC/CCA	1
12	25398284	25398285	CC/AA	1
12	25398284	25398285	CC/AG	1
12	25398284	25398284	C/A	1
12	25398284	25398284	C/T	1
12	25398284	25398284	C/G	1
12	25398284	25398285	CC/TT	1
12	25398284	25398285	CC/TA	1
12	25398284	25398285	CC/AT	1
12	25398285	25398285	C/A	1
12	25398285	25398285	C/T	1
12	25398285	25398285	C/G	1
12	111856649	111856649	G/A	1
12	112888156	112888156	A/T	1
12	112888157	112888157	A/G	1
12	112888158	112888158	C/A	1
12	112888158	112888158	C/G	1
12	112888162	112888162	G/C	1
12	112888163	112888163	G/T	1
12	112888163	112888163	G/C	1
12	112888165	112888165	G/T	1
12	112888165	112888165	G/A	1
12	112888165	112888165	G/C	1
12	112888166	112888166	A/C	1
12	112888166	112888166	A/T	1
12	112888166	112888166	A/G	1
12	112888189	112888189	G/A	1
12	112888189	112888189	G/C	1
12	112888190	112888190	A/G	1
12	112888190	112888190	A/T	1
12	112888191	112888191	G/T	1
12	112888195	112888195	T/C	1
12	112888197	112888197	T/G	1
12	112888197	112888197	T/A	1
12	112888198	112888198	G/A	1
12	112888198	112888198	G/T	1
12	112888199	112888199	C/G	1
12	112888199	112888199	C/T	1
12	112888199	112888199	C/A	1
12	112888202	112888202	C/T	1
12	112888210	112888210	G/A	1
12	112888210	112888210	G/C	1
12	112888211	112888211	A/G	1
12	112888211	112888211	A/T	1
12	112888211	112888211	A/C	1
12	112926884	112926884	T/C	1
12	112926884	112926884	T/A	1
12	112926884	112926884	T/G	1
12	112926885	112926885	C/T	1
12	112926887	112926887	G/A	1
12	112926887	112926887	G/C	1
12	112926887	112926887	G/T	1
12	112926888	112926888	G/A	1
12	112926888	112926888	G/C	1
12	112926888	112926888	G/T	1
12	112926908	112926908	C/A	1
12	112926908	112926908	C/G	1
12	112926909	112926909	A/T	1
12	112926910	112926910	G/C	1
12	112926910	112926910	G/T	1
13	28592628	28592628	A/T	1
13	28592629	28592629	T/C	1
13	28592630	28592630	C/G	1
13	28592630	28592630	C/T	1
13	28592635	28592637	ATG/-	1
13	28592637	28592642	GATATC/-	1
13	28592639	28592639	T/G	1
13	28592639	28592641	TAT/-	1
13	28592640	28592640	A/T	1
13	28592640	28592640	A/C	1
13	28592640	28592642	ATC/-	1
13	28592641	28592641	T/A	1
13	28592641	28592641	T/G	1
13	28592641	28592641	T/C	1
13	28592642	28592642	C/A	1
13	28592642	28592642	C/G	1
13	28592642	28592642	C/T	1
13	28602329	28602329	G/A	1
13	28602330	28602330	C/T	1
13	28602340	28602340	G/C	1
13	28602340	28602340	G/T	1
13	28602341	28602341	T/G	1
13	28602379	28602379	C/G	1
13	28602380	28602380	T/C	1
13	28602381	28602381	T/G	1
13	28608220	28608220	A/T	1
13	28608232	28608231	-/TTCTCTTGGAAACTCCCA	1
13	28608233	28608232	-/TCTCTTGGAAACTCCCATTTGAGA	1
13	28608238	28608237	-/TGGAAACTCCCATTTGAGATCATA	1
13	28608241	28608240	-/AAACTCCCATTTGAGATC	1
13	28608241	28608240	-/AAACTCCCATTTGAGATCATATTC	1
13	28608242	28608241	-/AACTCCCATTTGAGATCATATTGG	1
13	28608243	28608242	-/ACTCCCATTTGAGATCAT	1
13	28608245	28608244	-/TCCCATTTGAGATCATATTCA	1
13	28608245	28608244	-/TCCCATTTGAGATCATATTCATAT	1
13	28608249	28608248	-/ATTTGAGATCATATTCAT	1
13	28608251	28608250	-/TTGAGATCATATTCATATTCTCCA	1
13	28608252	28608251	-/TGAGATCATATTCATATTCTC	1
13	28608252	28608251	-/TGAGATCATATTCATATTCTCTGA	1
13	28608253	28608252	-/GAGATCATATTCATTTAGCCC	1
13	28608254	28608253	-/AGATCATATTCACCT	1
13	28608256	28608255	-/ATCATATTCATATTCTCTGAA	1
13	28608256	28608255	-/GATTTCAGAGAATATGAATATGAT	1
13	28608257	28608256	-/TCATATTCATATTCATATTCATAT	1
13	28608259	28608258	-/ATATTCATATTCTCTGAA	1
13	28608261	28608260	-/ATTCATATTCTCTGAAATCAA	1
13	28608261	28608260	-/ATTCATATTCTCTGAAATCAACGT	1
13	28608262	28608261	-/TTCATATTCTCTGAAATCACCCCT	1
13	28608263	28608262	-/TCATATTCTCTGAAATCA	1
13	28608263	28608262	-/TCATATTCTCTGAAATCAACG	1
13	28608263	28608262	-/TCATATTCTCTGAAATCAACGTAG	1
13	28608263	28608262	-/TCATATTCTCTGAAC	1
13	28608264	28608263	-/CATATTCTCTGAAATCAC	1
13	28608264	28608263	-/TCATATCCTCCGGGGAGATCATAT	1
13	28608265	28608264	-/CCATTTGAGATCATATTC	1
13	28608266	28608265	-/TATTCTCTGAAATCGTTAGGTGAG	1
13	28608267	28608266	-/ATTCTCTGAAATCAA	1
13	28608268	28608267	-/CCC	1
13	28608268	28608267	-/TTCTCG	1
13	28608269	28608268	-/CCTCCGGGGAGATCATATTCATAT	1
13	28608269	28608268	-/TCTCTGAAATCAACGTAGAAG	1
13	28608272	28608271	-/CTGAAATAAGGG	1
13	28608272	28608271	-/TTGAGATCATATTCATATTCT	1
13	28608276	28608275	-/AATCAACGTAGAAGTACCCCC	1
13	28608277	28608276	-/ATC	1
13	28608281	28608280	-/CCA	1
13	28608281	28608280	-/TCATATTCATATTCTCTGAAATCA	1
13	28608281	28608281	A/C	1
13	28608281	28608281	A/G	1
13	28608281	28608281	A/T	1
13	28608282	28608282	C/T	1
13	28608286	28608285	-/GGTGTG	1
13	48934194	48934194	C/T	1
13	48936983	48936983	C/T	1
13	48941648	48941648	C/T	1
13	48942685	48942685	C/T	1
13	48955538	48955538	C/T	1
13	49027168	49027168	C/T	1
13	49030485	49030485	G/A	1
13	49030485	49030485	G/C	1
13	49030485	49030485	G/T	1
13	49033844	49033844	C/T	1
13	49033845	49033845	G/A	1
13	49033902	49033902	T/C	1
15	90631837	90631837	C/A	1
15	90631837	90631837	C/G	1
15	90631837	90631838	CC/AT	1
15	90631838	90631838	C/A	1
15	90631838	90631838	C/T	1
15	90631838	90631838	C/G	1
15	90631838	90631839	CT/AC	1
15	90631839	90631839	T/C	1
15	90631839	90631839	T/A	1
15	90631934	90631934	C/T	1
15	90631934	90631934	C/A	1
15	90631935	90631935	G/A	1
15	90631935	90631935	G/C	1
17	1561557	1561557	C/T	1
17	1561558	1561558	G/A	1
17	7574003	7574003	G/A	1
17	7577022	7577022	G/A	1
17	7577080	7577080	T/G	1
17	7577080	7577080	T/A	1
17	7577081	7577081	T/C	1
17	7577081	7577081	T/A	1
17	7577081	7577081	T/G	1
17	7577082	7577082	C/T	1
17	7577082	7577082	C/G	1
17	7577084	7577084	T/G	1
17	7577084	7577084	T/A	1
17	7577084	7577084	T/C	1
17	7577085	7577085	C/T	1
17	7577085	7577085	C/G	1
17	7577090	7577090	C/G	1
17	7577093	7577093	C/G	1
17	7577093	7577093	C/T	1
17	7577093	7577093	C/A	1
17	7577094	7577094	G/A	1
17	7577094	7577094	G/C	1
17	7577095	7577095	G/C	1
17	7577095	7577095	G/T	1
17	7577096	7577096	T/C	1
17	7577096	7577096	T/G	1
17	7577096	7577096	T/A	1
17	7577097	7577097	C/G	1
17	7577097	7577097	C/A	1
17	7577097	7577097	C/T	1
17	7577098	7577098	T/A	1
17	7577098	7577098	T/G	1
17	7577099	7577099	C/G	1
17	7577099	7577099	C/T	1
17	7577099	7577099	C/A	1
17	7577100	7577100	T/C	1
17	7577102	7577102	C/T	1
17	7577105	7577105	G/A	1
17	7577105	7577105	G/C	1
17	7577105	7577105	G/T	1
17	7577106	7577106	G/C	1
17	7577106	7577106	G/A	1
17	7577106	7577106	G/T	1
17	7577108	7577108	C/A	1
17	7577113	7577113	A/C	1
17	7577114	7577114	C/A	1
17	7577114	7577114	C/T	1
17	7577114	7577114	C/G	1
17	7577115	7577115	A/C	1
17	7577115	7577115	A/G	1
17	7577118	7577118	C/A	1
17	7577118	7577118	C/G	1
17	7577120	7577120	C/T	1
17	7577120	7577120	C/A	1
17	7577120	7577120	C/G	1
17	7577121	7577121	G/A	1
17	7577121	7577121	G/C	1
17	7577121	7577121	G/T	1
17	7577123	7577123	A/G	1
17	7577123	7577123	A/T	1
17	7577123	7577123	A/C	1
17	7577124	7577124	C/A	1
17	7577124	7577124	C/T	1
17	7577124	7577124	C/G	1
17	7577141	7577141	C/T	1
17	7577141	7577141	C/A	1
17	7577141	7577141	C/G	1
17	7577142	7577142	C/T	1
17	7577142	7577142	C/G	1
17	7577153	7577153	C/A	1
17	7577507	7577507	T/A	1
17	7577507	7577507	T/G	1
17	7577508	7577508	T/C	1
17	7577508	7577508	T/A	1
17	7577508	7577508	T/G	1
17	7577509	7577509	C/G	1
17	7577509	7577509	C/T	1
17	7577532	7577532	G/A	1
17	7577534	7577534	C/G	1
17	7577534	7577534	C/A	1
17	7577535	7577535	C/G	1
17	7577535	7577535	C/A	1
17	7577535	7577535	C/T	1
17	7577536	7577536	T/C	1
17	7577536	7577536	T/A	1
17	7577538	7577538	C/A	1
17	7577538	7577538	C/T	1
17	7577538	7577538	C/G	1
17	7577539	7577539	G/A	1
17	7577539	7577539	G/C	1
17	7577543	7577543	C/G	1
17	7577543	7577543	C/T	1
17	7577543	7577543	C/A	1
17	7577544	7577544	A/G	1
17	7577544	7577544	A/C	1
17	7577544	7577544	A/T	1
17	7577545	7577545	T/C	1
17	7577545	7577545	T/A	1
17	7577547	7577547	C/A	1
17	7577547	7577547	C/T	1
17	7577547	7577547	C/G	1
17	7577548	7577548	C/T	1
17	7577548	7577548	C/G	1
17	7577548	7577548	C/A	1
17	7577550	7577550	C/T	1
17	7577550	7577550	C/G	1
17	7577550	7577550	C/A	1
17	7577551	7577551	C/T	1
17	7577551	7577551	C/A	1
17	7577551	7577551	C/G	1
17	7577555	7577555	G/C	1
17	7577556	7577556	C/T	1
17	7577556	7577556	C/A	1
17	7577556	7577556	C/G	1
17	7577557	7577557	A/G	1
17	7577557	7577557	A/C	1
17	7577557	7577557	A/T	1
17	7577559	7577559	G/C	1
17	7577559	7577559	G/A	1
17	7577559	7577559	G/T	1
17	7577560	7577560	A/T	1
17	7577560	7577560	A/C	1
17	7577560	7577560	A/G	1
17	7577563	7577563	T/C	1
17	7577564	7577564	G/C	1
17	7577564	7577564	G/T	1
17	7577565	7577565	T/G	1
17	7577565	7577565	T/C	1
17	7577565	7577565	T/A	1
17	7577566	7577566	T/C	1
17	7577566	7577566	T/A	1
17	7577567	7577567	A/C	1
17	7577568	7577568	C/T	1
17	7577568	7577568	C/A	1
17	7577568	7577568	C/G	1
17	7577569	7577569	A/T	1
17	7577569	7577569	A/G	1
17	7577569	7577569	A/C	1
17	7577570	7577570	C/T	1
17	7577570	7577570	C/A	1
17	7577570	7577570	C/G	1
17	7577571	7577571	A/T	1
17	7577571	7577571	A/C	1
17	7577571	7577571	A/G	1
17	7577572	7577572	T/C	1
17	7577572	7577572	T/A	1
17	7577574	7577574	T/C	1
17	7577574	7577574	T/G	1
17	7577574	7577574	T/A	1
17	7577575	7577575	A/C	1
17	7577575	7577575	A/T	1
17	7577575	7577575	A/G	1
17	7577580	7577580	T/C	1
17	7577580	7577580	T/G	1
17	7577580	7577580	T/A	1
17	7577581	7577581	A/G	1
17	7577581	7577581	A/C	1
17	7577581	7577581	A/T	1
17	7578190	7578190	T/C	1
17	7578190	7578190	T/G	1
17	7578190	7578190	T/A	1
17	7578191	7578191	A/C	1
17	7578191	7578191	A/G	1
17	7578191	7578191	A/T	1
17	7578202	7578202	A/C	1
17	7578202	7578202	A/T	1
17	7578202	7578202	A/G	1
17	7578203	7578203	C/T	1
17	7578203	7578203	C/A	1
17	7578207	7578207	A/C	1
17	7578207	7578207	A/T	1
17	7578208	7578208	T/C	1
17	7578208	7578208	T/G	1
17	7578208	7578208	T/A	1
17	7578209	7578209	G/A	1
17	7578209	7578209	G/C	1
17	7578211	7578211	C/A	1
17	7578211	7578211	C/G	1
17	7578211	7578211	C/T	1
17	7578212	7578212	G/A	1
17	7578212	7578212	G/C	1
17	7578235	7578235	T/A	1
17	7578235	7578235	T/C	1
17	7578235	7578235	T/G	1
17	7578236	7578236	A/G	1
17	7578236	7578236	A/C	1
17	7578236	7578236	A/T	1
17	7578260	7578260	C/T	1
17	7578263	7578263	G/A	1
17	7578264	7578264	G/C	1
17	7578265	7578265	A/G	1
17	7578265	7578265	A/C	1
17	7578265	7578265	A/T	1
17	7578266	7578266	T/A	1
17	7578266	7578266	T/G	1
17	7578268	7578268	A/T	1
17	7578268	7578268	A/G	1
17	7578268	7578268	A/C	1
17	7578269	7578269	G/A	1
17	7578269	7578269	G/T	1
17	7578269	7578269	G/C	1
17	7578271	7578271	T/C	1
17	7578271	7578271	T/A	1
17	7578271	7578271	T/G	1
17	7578272	7578272	G/A	1
17	7578272	7578272	G/T	1
17	7578272	7578272	G/C	1
17	7578275	7578275	G/A	1
17	7578275	7578277	GAG/-	1
17	7578280	7578280	G/A	1
17	7578384	7578401	GCAGCGCTCATGGTGGGG/-	1
17	7578393	7578393	A/C	1
17	7578393	7578393	A/T	1
17	7578394	7578394	T/C	1
17	7578394	7578394	T/A	1
17	7578394	7578394	T/G	1
17	7578395	7578395	G/A	1
17	7578395	7578395	G/T	1
17	7578395	7578395	G/C	1
17	7578402	7578402	G/C	1
17	7578403	7578403	C/A	1
17	7578403	7578403	C/T	1
17	7578403	7578403	C/G	1
17	7578404	7578404	A/T	1
17	7578404	7578404	A/C	1
17	7578404	7578404	A/G	1
17	7578406	7578406	C/T	1
17	7578406	7578406	C/A	1
17	7578406	7578406	C/G	1
17	7578407	7578407	G/C	1
17	7578407	7578407	G/A	1
17	7578407	7578407	G/T	1
17	7578412	7578412	A/G	1
17	7578412	7578412	A/C	1
17	7578412	7578412	A/T	1
17	7578413	7578413	C/T	1
17	7578413	7578413	C/A	1
17	7578413	7578413	C/G	1
17	7578416	7578416	C/A	1
17	7578442	7578442	T/C	1
17	7578442	7578442	T/G	1
17	7578443	7578443	A/G	1
17	7578443	7578443	A/C	1
17	7578443	7578443	A/T	1
17	7578454	7578454	G/A	1
17	7578454	7578454	G/T	1
17	7578455	7578455	C/A	1
17	7578455	7578455	C/G	1
17	7578455	7578455	C/T	1
17	7578457	7578457	C/T	1
17	7578457	7578457	C/A	1
17	7578457	7578457	C/G	1
17	7578458	7578458	G/C	1
17	7578458	7578458	G/A	1
17	7578458	7578458	G/T	1
17	7578460	7578460	A/C	1
17	7578460	7578460	A/T	1
17	7578460	7578460	A/G	1
17	7578461	7578461	C/A	1
17	7578461	7578461	C/T	1
17	7578461	7578461	C/G	1
17	7578463	7578463	C/G	1
17	7578469	7578469	C/A	1
17	7578475	7578475	G/A	1
17	7578475	7578475	G/T	1
17	7578475	7578475	G/C	1
17	7578476	7578476	G/A	1
17	7578476	7578476	G/T	1
17	7578476	7578476	G/C	1
17	7578478	7578478	G/T	1
17	7578478	7578478	G/C	1
17	7578478	7578478	G/A	1
17	7578479	7578479	G/A	1
17	7578479	7578479	G/T	1
17	7578479	7578479	G/C	1
17	7578496	7578496	A/G	1
17	7578507	7578507	G/C	1
17	7578508	7578508	C/T	1
17	7578508	7578508	C/A	1
17	7578508	7578508	C/G	1
17	7578509	7578509	A/G	1
17	7578509	7578509	A/T	1
17	7578509	7578509	A/C	1
17	7578517	7578517	G/A	1
17	7578525	7578525	G/C	1
17	7578526	7578526	C/A	1
17	7578526	7578526	C/T	1
17	7578526	7578526	C/G	1
17	7578527	7578527	A/G	1
17	7578527	7578527	A/C	1
17	7578527	7578527	A/T	1
17	7578534	7578534	C/A	1
17	7578534	7578534	C/G	1
17	7578535	7578535	T/C	1
17	7578535	7578535	T/A	1
17	7578535	7578535	T/G	1
17	7578536	7578536	T/C	1
17	7578536	7578536	T/G	1
17	7578550	7578550	G/A	1
17	7578550	7578550	G/C	1
17	7578550	7578550	G/T	1
17	7578551	7578551	A/G	1
17	7578551	7578551	A/T	1
17	29533315	29533315	C/T	1
17	29541476	29541476	C/T	1
17	29541542	29541542	A/G	1
17	29553478	29553477	-/C	1
17	29562641	29562641	C/T	1
17	29562746	29562746	C/T	1
17	29576111	29576111	C/T	1
17	29588751	29588751	C/T	1
17	29665752	29665755	ACTT/-	1
17	29665754	29665754	T/-	1
17	29677227	29677227	C/T	1
17	58740375	58740375	G/A	1
17	58740376	58740376	G/A	1
17	58740416	58740416	C/T	1
17	58740432	58740432	C/G	1
17	58740467	58740467	C/T	1
17	58740498	58740498	C/G	1
17	58740527	58740527	T/-	1
17	58740529	58740529	C/A	1
17	58740668	58740668	G/T	1
17	58740693	58740693	A/-	1
17	58740749	58740749	C/T	1
17	58740809	58740809	C/T	1
17	58740836	58740836	C/T	1
17	74732936	74732959	GGCGGCTGTGGTGTGAGTCCGGGG/-	1
17	74732952	74732960	GTCCGGGGG/-	1
17	74732959	74732959	G/A	1
17	74732959	74732959	G/T	1
17	74732959	74732959	G/C	1
17	74732960	74732960	G/C	1
17	74732960	74732960	G/T	1
17	74732960	74732960	G/A	1
18	42531907	42531907	G/A	1
18	42531907	42531907	G/T	1
18	42531908	42531908	A/G	1
18	42531913	42531913	G/A	1
18	42531913	42531913	G/C	1
18	42531917	42531917	T/C	1
19	13054593	13054596	AAGA/-	1
19	13054593	13054602	AAGAAACGCA/-	1
19	13054593	13054611	AAGAAACGCAAAGAGGAGG/-	1
19	13054595	13054595	G/-	1
19	13054595	13054607	GAAACGCAAAGAG/-	1
19	13054595	13054613	GAAACGCAAAGAGGAGGAG/-	1
19	13054595	13054616	GAAACGCAAAGAGGAGGAGGAG/-	1
19	13054627	13054626	-/TCTGT	1
19	13054628	13054627	-/ATGTC	1
19	13054628	13054627	-/TTGTC	1
19	13054629	13054628	-/TGTCG	1
19	33792370	33792369	-/CAGCTCCAGCACCTT	1
19	33792370	33792369	-/CAG	1
19	33792370	33792369	-/CAC	1
19	33792371	33792370	-/GAC	1
19	33792372	33792371	-/ACG	1
19	33792372	33792371	-/GAC	1
19	33792372	33792371	-/GCT	1
19	33792372	33792371	-/GCTCCAGCACCTTCTGCTGCGTCT	1
19	33792373	33792372	-/AGC	1
19	33792373	33792372	-/CTC	1
19	33792374	33792373	-/GGT	1
19	33792376	33792375	-/AGG	1
19	33792376	33792375	-/CAG	1
19	33792377	33792376	-/AGCACA	1
19	33792377	33792376	-/TGC	1
19	33792379	33792378	-/CAC	1
19	33792380	33792379	-/AAG	1
19	33792381	33792380	-/CTT	1
19	33792381	33792381	C/TCTTCTG	1
19	33792382	33792381	-/AGCACC	1
19	33792382	33792381	-/CTT	1
19	33792382	33792381	-/CTTCTGCTGCGTCTCCACGTTGCG	1
19	33792382	33792381	-/AGA	1
19	33792382	33792381	-/CTTCTG	1
19	33792382	33792381	-/TGG	1
19	33792383	33792382	-/AGA	1
19	33792384	33792383	-/CTG	1
19	33792385	33792384	-/CTG	1
19	33792385	33792384	-/CTGCTGCGTCTCCACGTTGCGCTG	1
19	33792385	33792384	-/TTG	1
19	33792385	33792384	-/CAG	1
19	33792386	33792385	-/CGATTTTAGGTGCTGCGTCTCCAC	1
19	33792386	33792385	-/TCT	1
19	33792387	33792386	-/GCC	1
19	33792387	33792386	-/GCA	1
19	33792387	33792386	-/GAA	1
19	33792388	33792387	-/CTGCTG	1
19	33792388	33792387	-/GAA	1
19	33792388	33792387	-/GTGGAA	1
19	33792389	33792388	-/GCGTCTCCACGTTGC	1
19	33792390	33792389	-/CTGCTT	1
19	33792391	33792390	-/CTGCTT	1
19	33792391	33792390	-/AGA	1
19	33792391	33792390	-/CCA	1
19	33792391	33792390	-/CGT	1
19	33792391	33792390	-/CAC	1
19	33792391	33792390	-/CGTCTC	1
19	33792391	33792390	-/TGC	1
19	33792392	33792391	-/GTCTCCACGTTGCGCTGCTTG	1
19	33792392	33792391	-/GTCTCCACGTTGCGCTGC	1
19	33792392	33792391	-/AGA	1
19	33792393	33792392	-/TCC	1
19	33792393	33792392	-/TCT	1
19	33792393	33792392	-/TGT	1
19	33792394	33792393	-/CTC	1
19	33792394	33792393	-/CGG	1
19	33792394	33792393	-/CTCCAC	1
19	33792394	33792393	-/TGT	1
19	33792394	33792393	-/TTT	1
19	33792395	33792394	-/GAC	1
19	33792395	33792394	-/GGCGCC	1
19	33792395	33792394	-/TCT	1
19	33792396	33792395	-/CCA	1
19	33792396	33792395	-/CCACGTTGCGCTGCTTGG	1
19	33792396	33792395	-/CGA	1
19	33792396	33792396	C/GCGTTTT	1
19	33792396	33792395	-/GTG	1
19	33792397	33792396	-/ACG	1
19	33792397	33792396	-/CACGTTGCGCTGCTTGGCCTTGTC	1
19	33792397	33792396	-/GGG	1
19	33792398	33792397	-/ACGTTGCGCTGCTTG	1
19	33792398	33792397	-/GAG	1
19	33792400	33792399	-/GTG	1
19	33792400	33792399	-/GTT	1
19	33792400	33792399	-/GTTGCGCTGCTTGGCCTTGTCGCG	1
19	33792400	33792399	-/TTGCGC	1
19	33792401	33792400	-/TTGCGCTGC	1
19	33792401	33792400	-/TTGCGCTGCTTGGCC	1
19	33792401	33792400	-/TTGCGCTGT	1
19	33792403	33792402	-/GCGCTG	1
19	33792404	33792403	-/CGCGGCGGGGCGAGGGCC	1
19	33792405	33792404	-/GCT	1
19	33792405	33792404	-/GCTGCTTGTCCACGTTGC	1
19	33792405	33792404	-/GCTGCT	1
19	33792408	33792407	-/GCA	1
19	33792409	33792408	-/CAA	1
19	33792409	33792408	-/CTT	1
19	33792409	33792408	-/CTTGGC	1
19	33792409	33792408	-/CTTGGCCTT	1
19	33792938	33792938	G/-	1
19	33793074	33793073	-/G	1
19	33793074	33793074	G/-	1
19	33793075	33793074	-/GC	1
19	33793076	33793075	-/A	1
19	33793076	33793075	-/AA	1
19	33793076	33793075	-/AACA	1
19	33793076	33793075	-/AACAC	1
19	33793076	33793075	-/T	1
19	33793143	33793142	-/A	1
19	33793143	33793142	-/G	1
19	33793143	33793142	-/T	1
19	33793143	33793142	-/TC	1
19	33793143	33793142	-/TCTCG	1
19	33793144	33793143	-/CCACGTC	1
19	33793145	33793144	-/TCTC	1
19	33793243	33793253	GGGCGCGTGCG/-	1
19	33793251	33793250	-/G	1
19	33793251	33793250	-/GCGGGGG	1
19	33793252	33793251	-/C	1
19	33793252	33793251	-/CGGGAGA	1
19	33793253	33793252	-/CGGG	1
19	33793253	33793252	-/G	1
19	33793253	33793252	-/GG	1
19	33793253	33793253	G/-	1
19	33793254	33793253	-/CG	1
20	31022288	31022287	-/A	1
20	31022288	31022288	C/A	1
20	31022288	31022288	C/G	1
20	31022403	31022407	CACCA/-	1
20	31022403	31022424	CACCACTGCCATAGAGAGGCGG/-	1
20	31022415	31022436	AGAGAGGCGGCCACCACTGCCA/-	1
20	31022417	31022417	A/-	1
20	31022417	31022438	AGAGGCGGCCACCACTGCCATC/-	1
20	31022417	31022439	AGAGGCGGCCACCACTGCCATCG/-	1
20	31022443	31022449	GGGGGGG/-	1
20	31022450	31022449	-/G	1
20	31022451	31022450	-/T	1
20	31022592	31022592	C/T	1
20	31022898	31022898	T/-	1
20	31022900	31022900	C/-	1
20	31023717	31023717	C/T	1
21	36164839	36164838	-/G	1
21	36171607	36171607	G/A	1
21	36231773	36231773	C/A	1
21	36231773	36231773	C/T	1
21	36231782	36231782	C/A	1
21	36231782	36231782	C/T	1
21	36231783	36231783	G/A	1
21	36231783	36231783	G/C	1
21	36231790	36231790	A/C	1
21	36231791	36231791	T/C	1
21	36231791	36231791	T/A	1
21	36231792	36231792	C/A	1
21	36231792	36231792	C/T	1
21	36252865	36252865	C/G	1
21	36252865	36252865	C/T	1
21	36252865	36252865	C/A	1
21	36252866	36252866	G/A	1
21	36252866	36252866	G/C	1
21	36252868	36252868	C/A	1
21	36252868	36252868	C/T	1
21	36252869	36252869	C/A	1
21	36252869	36252869	C/G	1
21	36252869	36252869	C/T	1
21	36252876	36252876	C/G	1
21	36252877	36252877	C/T	1
21	36252878	36252878	T/C	1
21	36252938	36252937	-/CAAAT	1
21	36252938	36252937	-/CC	1
21	36252938	36252937	-/CCTGCCC	1
21	36252938	36252937	-/GGGA	1
21	36252939	36252938	-/GG	1
21	36252939	36252938	-/GGAACAGACTTCTT	1
21	36252939	36252938	-/TT	1
21	36252940	36252939	-/A	1
21	36252940	36252939	-/AA	1
21	36252940	36252939	-/G	1
21	36252940	36252939	-/GCCT	1
21	36252940	36252940	G/T	1
21	36252995	36252994	-/C	1
21	36252995	36252994	-/CC	1
21	36259171	36259171	C/T	1
21	36259171	36259171	C/G	1
21	36259172	36259172	G/A	1
21	36259172	36259172	G/T	1
21	36259173	36259173	C/A	1
21	36259173	36259173	C/G	1
21	36259174	36259174	C/A	1
21	36259174	36259174	C/G	1
21	36259175	36259175	A/G	1
21	44514777	44514777	T/C	1
21	44514777	44514777	T/G	1
21	44514780	44514780	C/T	1
21	44524456	44524456	G/T	1
21	44524456	44524456	G/A	1
 X	39913179	39913178	-/G	1
 X	39913179	39913178	-/GG	1
 X	39914723	39914723	G/A	1
 X	39921444	39921444	T/C	1
 X	39932085	39932084	-/G	1
 X	53432579	53432579	C/T	1
 X	53432580	53432580	G/A	1
 X	53440234	53440234	C/T	1
 X	53441941	53441941	C/T	1
 X	123179197	123179197	C/T	1
 X	123181311	123181311	C/T	1
 X	123197011	123197011	C/T	1
 X	123197716	123197716	C/T	1
 X	123220440	123220440	C/T	1
 X	133527636	133527636	C/T	1
 X	133549136	133549136	C/T	1
 X	133551319	133551319	C/T	1
